0 0 0
0 0 0
0 0 1
0 0 1
0 0 2
0 0 2
0 0 3
0 0 3
0 0 4
0 0 4
0 0 5
0 0 5
0 0 6
0 0 6
0 0 7
0 0 7
0 0 8
0 0 8
0 0 9
0 0 9
0 0 10
0 0 10
0 0 11
0 0 11
0 0 12
0 0 12
0 0 13
0 0 13
0 0 14
0 0 14
0 0 15
0 0 15
0 0 16
0 0 16
0 0 17
0 0 17
0 1 18
0 1 18
0 3 19
0 3 19
0 7 20
0 7 20
1 14 21
1 14 21
3 28 22
3 28 22
6 56 23
6 56 23
12 112 24
12 112 24
24 225 25
24 225 25
48 451 26
48 451 26
96 902 27
96 902 27
193 1804 28
193 1804 28
386 3608 29
386 3608 29
773 7217 30
773 7217 30
1547 14434 31
1547 14434 31
3094 28869 32
3094 28869 32
3094 28868 32
3094 28868 32
1546 14434 31
1546 14434 31
3093 28869 32
3093 28869 32
3093 28868 32
3093 28868 32
3092 28868 32
3092 28868 32
773 7216 30
773 7216 30
1547 14433 31
1547 14433 31
3094 28867 32
3094 28867 32
3094 28866 32
3094 28866 32
1546 14433 31
1546 14433 31
3093 28867 32
3093 28867 32
3092 28867 32
3092 28867 32
3093 28866 32
3093 28866 32
3092 28866 32
3092 28866 32
1546 14432 31
1546 14432 31
3092 28865 32
3092 28865 32
772 7216 30
772 7216 30
1545 14433 31
1545 14433 31
3091 28867 32
3091 28867 32
3091 28866 32
3091 28866 32
3090 28866 32
3090 28866 32
1545 14432 31
1545 14432 31
3091 28865 32
3091 28865 32
3090 28865 32
3090 28865 32
